# oST version 5.0 parameters


[image]

width
640

height
480

[narrow_stereo]

camera matrix
548.816229 0.000000 316.764512
0.000000 548.655483 240.483959
0.000000 0.000000 1.000000

distortion
-0.005716 0.002218 0.000238 -0.001041 0.000000

rectification
1.000000 0.000000 0.000000
0.000000 1.000000 0.000000
0.000000 0.000000 1.000000

projection
547.875286 0.000000 316.168426 0.000000
0.000000 548.221093 240.569008 0.000000
0.000000 0.000000 1.000000 0.000000
